9.869119644165039, 0.012249098159372807, -9.877415657043457
9.871323585510254, 0.01238996721804142, -9.879409790039062
9.873498916625977, 0.012529797852039337, -9.88138484954834
9.876738548278809, 0.012726870365440845, -9.8843355178833
9.8799409866333, 0.0129118412733078, -9.887262344360352
9.882065773010254, 0.013035872019827366, -9.889204978942871
9.885259628295898, 0.013201894238591194, -9.892107963562012
9.88740348815918, 0.013299822807312012, -9.893884658813477
9.890640258789062, 0.01343330554664135, -9.895597457885742
9.892809867858887, 0.013513872399926186, -9.895910263061523
9.896167755126953, 0.013617569580674171, -9.894941329956055
9.898467063903809, 0.013687082566320896, -9.893342971801758
9.902036666870117, 0.013791617006063461, -9.889627456665039
9.904532432556152, 0.013864637352526188, -9.886312484741211
9.908483505249023, 0.013978533446788788, -9.880239486694336
9.911354064941406, 0.01405334658920765, -9.87535285949707
9.915924072265625, 0.0141647569835186, -9.867210388183594
9.919205665588379, 0.014246214181184769, -9.861207962036133
9.924530029296875, 0.014367660507559776, -9.851478576660156
9.928324699401855, 0.014444774016737938, -9.844642639160156
9.93459415435791, 0.014542054384946823, -9.833730697631836
9.939088821411133, 0.014600482769310474, -9.826196670532227
9.946321487426758, 0.014675671234726906, -9.814568519592285
9.951573371887207, 0.014713439159095287, -9.806553840637207
9.957025527954102, 0.014747090637683868, -9.798469543457031
9.965863227844238, 0.014755497686564922, -9.786044120788574
9.975274085998535, 0.014746174216270447, -9.773491859436035
9.981916427612305, 0.014729243703186512, -9.765034675598145
9.992474555969238, 0.014689511619508266, -9.7522554397583
9.999839782714844, 0.014657117426395416, -9.743715286254883
10.007589340209961, 0.014642526395618916, -9.735122680664062
10.019649505615234, 0.014635519124567509, -9.722259521484375
10.028055191040039, 0.014644975773990154, -9.7136869430542
10.04120922088623, 0.014696547761559486, -9.700859069824219
10.050248146057129, 0.014748558402061462, -9.692342758178711
10.064380645751953, 0.01489777397364378, -9.679646492004395
10.079039573669434, 0.015070411376655102, -9.667089462280273
10.0890531539917, 0.015197468921542168, -9.65878677368164
10.099381446838379, 0.015368088148534298, -9.650543212890625
10.115151405334473, 0.015623848885297775, -9.638265609741211
10.131491661071777, 0.01592874899506569, -9.62613582611084
10.142602920532227, 0.016161875799298286, -9.61811351776123
10.153913497924805, 0.0164174921810627, -9.61015796661377
10.171239852905273, 0.016829999163746834, -9.598329544067383
10.182976722717285, 0.017113756388425827, -9.590493202209473
10.200960159301758, 0.01755872182548046, -9.578802108764648
10.213118553161621, 0.01786450482904911, -9.571044921875
10.231598854064941, 0.01833689771592617, -9.559454917907715
10.250426292419434, 0.018826257437467575, -9.547901153564453
10.263134956359863, 0.019154323264956474, -9.54023551940918
10.27597713470459, 0.019484367221593857, -9.53259563446045
10.295452117919922, 0.019976340234279633, -9.521173477172852
10.308536529541016, 0.020305925980210304, -9.513596534729004
10.328344345092773, 0.020776914432644844, -9.502250671386719
10.341641426086426, 0.021081922575831413, -9.494714736938477
10.361761093139648, 0.0215308740735054, -9.483410835266113
10.38205337524414, 0.02197822369635105, -9.472150802612305
10.395657539367676, 0.02227139100432396, -9.46467113494873
10.409380912780762, 0.022571096196770668, -9.457189559936523
10.430069923400879, 0.023021265864372253, -9.446004867553711
10.443970680236816, 0.023315245285630226, -9.438570022583008
10.464973449707031, 0.023742839694023132, -9.427447319030762
10.47903060913086, 0.024024013429880142, -9.420050621032715
10.50028133392334, 0.024432914331555367, -9.409021377563477
10.521635055541992, 0.024821441620588303, -9.398049354553223
10.535906791687012, 0.02507084794342518, -9.390748023986816
10.557358741760254, 0.025411061942577362, -9.379846572875977
10.571682929992676, 0.02561871148645878, -9.372601509094238
10.586028099060059, 0.02580709010362625, -9.365375518798828
10.607563972473145, 0.026077348738908768, -9.35455322265625
10.629127502441406, 0.026327289640903473, -9.343744277954102
10.643507957458496, 0.026475394144654274, -9.336567878723145
10.657896041870117, 0.026610882952809334, -9.329400062561035
10.679513931274414, 0.0267926212400198, -9.318694114685059
10.701156616210938, 0.0269521102309227, -9.308023452758789
10.715595245361328, 0.027045343071222305, -9.300933837890625
10.737281799316406, 0.02718302235007286, -9.290374755859375
10.751751899719238, 0.027273936197161674, -9.283349990844727
10.773473739624023, 0.027408501133322716, -9.272844314575195
10.787972450256348, 0.027496393769979477, -9.265853881835938
10.809744834899902, 0.027628453448414803, -9.255380630493164
10.82429027557373, 0.0277284923940897, -9.2484130859375
10.838834762573242, 0.027819566428661346, -9.241448402404785
10.860701560974121, 0.027937034144997597, -9.230988502502441
10.882599830627441, 0.02804354950785637, -9.220503807067871
10.897209167480469, 0.028107035905122757, -9.213505744934082
10.911849975585938, 0.028171513229608536, -9.20650577545166
10.933812141418457, 0.02825084887444973, -9.196008682250977
10.955784797668457, 0.028304388746619225, -9.185514450073242
10.970419883728027, 0.028330355882644653, -9.178543090820312
10.99236011505127, 0.028364531695842743, -9.168115615844727
11.006979942321777, 0.02838791534304619, -9.161194801330566
11.021596908569336, 0.028403354808688164, -9.15427017211914
11.043474197387695, 0.02842702344059944, -9.143905639648438
11.065316200256348, 0.028460849076509476, -9.133581161499023
11.079867362976074, 0.028481999412178993, -9.126700401306152
11.101625442504883, 0.02851843647658825, -9.116418838500977
11.116106033325195, 0.028554949909448624, -9.109574317932129
11.130562782287598, 0.02860492281615734, -9.102736473083496
11.152176856994629, 0.028695065528154373, -9.092491149902344
11.166565895080566, 0.02875436283648014, -9.085659980773926
11.188040733337402, 0.028873560950160027, -9.075447082519531
11.209461212158203, 0.029027653858065605, -9.065229415893555
11.223730087280273, 0.029136909171938896, -9.05841064453125
11.245011329650879, 0.029349150136113167, -9.048202514648438
11.259212493896484, 0.029479173943400383, -9.041393280029297
11.280412673950195, 0.029674910008907318, -9.031189918518066
11.294517517089844, 0.02979559637606144, -9.024383544921875
11.315633773803711, 0.029962999746203423, -9.014164924621582
11.329655647277832, 0.030053870752453804, -9.007353782653809
11.343693733215332, 0.03013879619538784, -9.000531196594238
11.364697456359863, 0.03025326505303383, -8.990309715270996
11.385673522949219, 0.030379021540284157, -8.980091094970703
11.399658203125, 0.030462998896837234, -8.973274230957031
11.413573265075684, 0.030535168945789337, -8.966498374938965
11.43444538116455, 0.0306264515966177, -8.956353187561035
11.45528793334961, 0.030691152438521385, -8.94621467590332
11.469125747680664, 0.030724067240953445, -8.93949031829834
11.489928245544434, 0.030763251706957817, -8.929398536682129
11.503728866577148, 0.030768418684601784, -8.92270565032959
11.524434089660645, 0.030771370977163315, -8.912675857543945
11.538211822509766, 0.030768858268857002, -8.906011581420898
11.558856010437012, 0.030770638957619667, -8.896052360534668
11.572628021240234, 0.03077264130115509, -8.889412879943848
11.59317684173584, 0.03076423890888691, -8.879592895507812
11.606870651245117, 0.03074231557548046, -8.87307071685791
11.627405166625977, 0.030686164274811745, -8.863322257995605
11.641057014465332, 0.03062979131937027, -8.85686206817627
11.654738426208496, 0.030571913346648216, -8.850374221801758
11.675185203552246, 0.030460793524980545, -8.840660095214844
11.695631980895996, 0.03033502772450447, -8.830936431884766
11.709280014038086, 0.03024529293179512, -8.824434280395508
11.729738235473633, 0.03010045923292637, -8.814661979675293
11.743392944335938, 0.029999276623129845, -8.808127403259277
11.76385498046875, 0.02985198237001896, -8.798311233520508
11.777503967285156, 0.0297554861754179, -8.791749000549316
11.797989845275879, 0.029613841325044632, -8.781879425048828
11.81163501739502, 0.029532229527831078, -8.77530288696289
11.825312614440918, 0.02944924682378769, -8.768712043762207
11.845803260803223, 0.029386674985289574, -8.758857727050781
11.866287231445312, 0.029344996437430382, -8.748991966247559
11.879958152770996, 0.029320931062102318, -8.742412567138672
11.900450706481934, 0.029323631897568703, -8.732573509216309
11.91413402557373, 0.02934371307492256, -8.726000785827637
11.927831649780273, 0.029381072148680687, -8.719433784484863
11.94841480255127, 0.029437217861413956, -8.709565162658691
11.969018936157227, 0.02949967421591282, -8.699655532836914
11.98276138305664, 0.029541267082095146, -8.693032264709473
11.996538162231445, 0.02957792952656746, -8.686387062072754
12.01719856262207, 0.029602624475955963, -8.676443099975586
12.03789234161377, 0.029625747352838516, -8.66647720336914
12.051715850830078, 0.029639966785907745, -8.659815788269043
12.072439193725586, 0.02971465513110161, -8.649820327758789
12.086268424987793, 0.02977669984102249, -8.643144607543945
12.107032775878906, 0.02988504245877266, -8.633111953735352
12.120882034301758, 0.02999199368059635, -8.626409530639648
12.13476276397705, 0.030093230307102203, -8.619699478149414
12.155580520629883, 0.030284740030765533, -8.609609603881836
12.176446914672852, 0.030478034168481827, -8.599483489990234
12.190370559692383, 0.030618980526924133, -8.592718124389648
12.204312324523926, 0.03077942505478859, -8.585951805114746
12.225263595581055, 0.03104579634964466, -8.575788497924805
12.239226341247559, 0.031269170343875885, -8.569068908691406
12.260217666625977, 0.03161660581827164, -8.559022903442383
12.27424144744873, 0.03187226131558418, -8.552322387695312
12.29531192779541, 0.03227066993713379, -8.54227352142334
12.31643295288086, 0.032678887248039246, -8.53222370147705
12.330547332763672, 0.03295458108186722, -8.525511741638184
12.351762771606445, 0.03336416557431221, -8.515414237976074
12.365934371948242, 0.033630114048719406, -8.50866413116455
12.387224197387695, 0.03400436416268349, -8.49850082397461
12.40144157409668, 0.034245457500219345, -8.491716384887695
12.422748565673828, 0.03460610657930374, -8.481505393981934
12.436944961547852, 0.03485298156738281, -8.47468090057373
12.458231925964355, 0.03523334488272667, -8.464424133300781
12.472404479980469, 0.03548978641629219, -8.457558631896973
12.486598014831543, 0.035737063735723495, -8.450687408447266
12.50780963897705, 0.03612012043595314, -8.440387725830078
12.521941184997559, 0.036370206624269485, -8.433548927307129
12.543127059936523, 0.03673601150512695, -8.423303604125977
12.5642728805542, 0.03708426281809807, -8.413093566894531
12.578367233276367, 0.03730403631925583, -8.406290054321289
12.599503517150879, 0.037615664303302765, -8.396084785461426
12.613541603088379, 0.03780607879161835, -8.389274597167969
12.627599716186523, 0.03798730671405792, -8.382458686828613
12.648629188537598, 0.03822461515665054, -8.37221622467041
12.66962718963623, 0.038423359394073486, -8.361968040466309
12.683609008789062, 0.038530461490154266, -8.35513973236084
12.704569816589355, 0.03863918036222458, -8.344886779785156
12.718552589416504, 0.03869092836976051, -8.338046073913574
12.739466667175293, 0.03870682418346405, -8.327744483947754
12.75341510772705, 0.03869698569178581, -8.320865631103516
12.774344444274902, 0.03865237161517143, -8.310563087463379
12.788305282592773, 0.038593925535678864, -8.303703308105469
12.802286148071289, 0.03853300213813782, -8.296842575073242
12.823246955871582, 0.03836310654878616, -8.286581039428711
12.84423542022705, 0.03813980147242546, -8.276384353637695
12.858245849609375, 0.037973836064338684, -8.2695951461792
12.872271537780762, 0.03778017684817314, -8.262810707092285
12.893340110778809, 0.03745240345597267, -8.25263500213623
12.907414436340332, 0.037189170718193054, -8.245880126953125
12.928553581237793, 0.036766551434993744, -8.235769271850586
12.942659378051758, 0.03644551709294319, -8.229060173034668
12.963839530944824, 0.035926032811403275, -8.219039916992188
12.985044479370117, 0.0353793203830719, -8.209057807922363
12.999194145202637, 0.03499932214617729, -8.202433586120605
13.013354301452637, 0.034599125385284424, -8.195834159851074
13.034621238708496, 0.033971838653087616, -8.185966491699219
13.048846244812012, 0.03352829068899155, -8.179450988769531
13.070229530334473, 0.03287385404109955, -8.169683456420898
13.084521293640137, 0.032443419098854065, -8.163204193115234
13.105996131896973, 0.03180326521396637, -8.15349006652832
13.120340347290039, 0.03137560188770294, -8.147024154663086
13.141879081726074, 0.030743755400180817, -8.137346267700195
13.156254768371582, 0.03032887727022171, -8.130887985229492
13.177825927734375, 0.0297177005559206, -8.121231079101562
13.199407577514648, 0.029108820483088493, -8.111557960510254
13.213805198669434, 0.02870781347155571, -8.10509204864502
13.235386848449707, 0.02805120311677456, -8.095420837402344
13.249784469604492, 0.027602167800068855, -8.088968276977539
13.271391868591309, 0.026913965120911598, -8.079283714294434
13.285796165466309, 0.026420561596751213, -8.07282829284668
13.300213813781738, 0.02593781240284443, -8.066370964050293
13.321776390075684, 0.02520771510899067, -8.056693077087402
13.336167335510254, 0.024736052379012108, -8.050211906433105
13.357688903808594, 0.024056166410446167, -8.04049015045166
13.372024536132812, 0.023608338087797165, -8.033992767333984
13.393508911132812, 0.022947942838072777, -8.024216651916504
13.41493034362793, 0.02230689488351345, -8.014394760131836
13.42919921875, 0.021890178322792053, -8.007819175720215
13.450587272644043, 0.02127791754901409, -7.9979143142700195
13.464829444885254, 0.020849019289016724, -7.991281509399414
13.479085922241211, 0.02042980119585991, -7.984635353088379
13.500508308410645, 0.019776372238993645, -7.9746198654174805
13.514814376831055, 0.01935577392578125, -7.967934608459473
13.536308288574219, 0.01874706521630287, -7.957894325256348
13.557856559753418, 0.018148720264434814, -7.947826385498047
13.572234153747559, 0.017762092873454094, -7.941100120544434
13.593843460083008, 0.01714785024523735, -7.930991172790527
13.608253479003906, 0.016733475029468536, -7.9242448806762695
13.622668266296387, 0.0163111574947834, -7.9174957275390625
13.644318580627441, 0.015646491199731827, -7.907374382019043
13.66601276397705, 0.014962480403482914, -7.897247314453125
13.680511474609375, 0.014496346935629845, -7.890497207641602
13.702309608459473, 0.013790838420391083, -7.8803558349609375
13.716858863830566, 0.013327101245522499, -7.87358283996582
13.738752365112305, 0.012610775418579578, -7.863422393798828
13.753376007080078, 0.012132680043578148, -7.856646537780762
13.775348663330078, 0.011417519301176071, -7.846477508544922
13.79007339477539, 0.010950228199362755, -7.839712142944336
13.80479621887207, 0.010496518574655056, -7.832942008972168
13.82693862915039, 0.009827054105699062, -7.822754859924316
13.841716766357422, 0.009393404237926006, -7.815954208374023
13.864014625549316, 0.008787112310528755, -7.805750846862793
13.886409759521484, 0.00823974609375, -7.795543670654297
13.9013671875, 0.007899596355855465, -7.788736343383789
13.923925399780273, 0.00740682240575552, -7.778512954711914
13.93898868560791, 0.007089437451213598, -7.771690368652344
13.95407485961914, 0.006780583877116442, -7.764862060546875
13.97675895690918, 0.0063252877444028854, -7.754603385925293
13.999466896057129, 0.005877838470041752, -7.744333267211914
14.014609336853027, 0.005578756798058748, -7.737485408782959
14.02977180480957, 0.005271495785564184, -7.7306318283081055
14.052536964416504, 0.004804087337106466, -7.720344543457031
14.075316429138184, 0.00435034791007638, -7.71005916595459
14.090498924255371, 0.004058816935867071, -7.703203201293945
14.113333702087402, 0.0036248730029910803, -7.692927837371826
14.128561973571777, 0.0033495593816041946, -7.6860880851745605
14.143798828125, 0.0030853128992021084, -7.679256439208984
14.166662216186523, 0.0026888998690992594, -7.669037342071533
14.181897163391113, 0.0024296455085277557, -7.6622467041015625
14.204805374145508, 0.002072674920782447, -7.652126789093018
14.2277193069458, 0.001726676244288683, -7.642036437988281
14.242988586425781, 0.001502497587352991, -7.63531494140625
14.265934944152832, 0.0011184359900653362, -7.625268936157227
14.281219482421875, 0.0008719175821170211, -7.618593215942383
14.304123878479004, 0.0005153448437340558, -7.608613967895508
14.31937313079834, 0.00028508956893347204, -7.601973056793213
14.342218399047852, -5.0880960770882666e-05, -7.592026233673096
14.357452392578125, -0.0002636548597365618, -7.5854339599609375
14.380270004272461, -0.0005819111247546971, -7.57553768157959
14.395462989807129, -0.0008024852722883224, -7.568942070007324
14.410639762878418, -0.001017815782688558, -7.562359809875488
14.433371543884277, -0.001328827696852386, -7.552500247955322
14.448516845703125, -0.0015332908369600773, -7.545915126800537
14.471203804016113, -0.001830407651141286, -7.536008358001709
14.486310005187988, -0.0020261164754629135, -7.529376983642578
14.50894832611084, -0.0023133382201194763, -7.519405841827393
14.524023056030273, -0.0024976369459182024, -7.512749195098877
14.54662036895752, -0.0027964916080236435, -7.502716064453125
14.561663627624512, -0.002985855797305703, -7.4960198402404785
14.584222793579102, -0.003284204052761197, -7.485961437225342
14.6067533493042, -0.003576499642804265, -7.475911617279053
14.621755599975586, -0.0037647541612386703, -7.469202518463135
14.644224166870117, -0.00407505314797163, -7.459102153778076
14.659208297729492, -0.004282827023416758, -7.452356338500977
14.674201011657715, -0.004494867753237486, -7.445600509643555
14.696694374084473, -0.0048361895605921745, -7.4354329109191895
14.719199180603027, -0.005182947497814894, -7.42523717880249
14.73422622680664, -0.005413511302322149, -7.418425559997559
14.75680923461914, -0.0058021144941449165, -7.408181667327881
14.771867752075195, -0.006066131871193647, -7.4013471603393555
14.786993026733398, -0.006372284609824419, -7.394506454467773
14.809646606445312, -0.006810090504586697, -7.384278774261475
14.832379341125488, -0.007285013794898987, -7.374110221862793
14.847556114196777, -0.007602011319249868, -7.367330551147461
14.87034797668457, -0.008078914135694504, -7.357158660888672
14.885581970214844, -0.008431394584476948, -7.350361347198486
14.900795936584473, -0.008769934065639973, -7.343563079833984
14.923652648925781, -0.009334605187177658, -7.333376884460449
14.938883781433105, -0.00970795564353466, -7.326577663421631
14.96172046661377, -0.010264207608997822, -7.3163580894470215
14.984532356262207, -0.010870235040783882, -7.306117534637451
14.999719619750977, -0.011273223906755447, -7.299289703369141
15.022472381591797, -0.011876546777784824, -7.28904390335083
15.037582397460938, -0.012273832224309444, -7.282223224639893
15.06021785736084, -0.012842921540141106, -7.272008895874023
15.07522201538086, -0.013205346651375294, -7.265195369720459
15.097683906555176, -0.013712922111153603, -7.254972457885742
15.112615585327148, -0.014017782174050808, -7.248154163360596
15.134950637817383, -0.01442416850477457, -7.237921237945557
15.14981460571289, -0.01467247772961855, -7.231098651885986
15.1646146774292, -0.01489790715277195, -7.224279880523682
15.186775207519531, -0.01520700566470623, -7.214053630828857
15.201505661010742, -0.01538858376443386, -7.207237243652344
15.223564147949219, -0.01561380922794342, -7.197009086608887
15.245566368103027, -0.0157830361276865, -7.186771392822266
15.260185241699219, -0.015860801562666893, -7.179937362670898
15.282061576843262, -0.01594238542020321, -7.169684886932373
15.296627044677734, -0.015980862081050873, -7.1628499031066895
15.318436622619629, -0.01602146402001381, -7.152601718902588
15.332962989807129, -0.016039956361055374, -7.145772933959961
15.354767799377441, -0.0160349253565073, -7.135551929473877
15.369306564331055, -0.016019349917769432, -7.128748416900635
15.391119956970215, -0.015978047624230385, -7.118561744689941
15.40570068359375, -0.015929089859128, -7.111785411834717
15.427586555480957, -0.015839681029319763, -7.101655006408691
15.442193984985352, -0.01576358638703823, -7.0949249267578125
15.456804275512695, -0.015685640275478363, -7.088212490081787
15.478726387023926, -0.015565061010420322, -7.0781731605529785
15.5006685256958, -0.015440457500517368, -7.068228244781494
15.51529312133789, -0.015340514481067657, -7.0616135597229
15.537226676940918, -0.015168072655797005, -7.051737308502197
15.551850318908691, -0.015042872168123722, -7.045171737670898
15.57379150390625, -0.014841039665043354, -7.035335063934326
15.588435173034668, -0.014701918698847294, -7.028773784637451
15.610413551330566, -0.014484421350061893, -7.018935203552246
15.625080108642578, -0.014327832497656345, -7.012387752532959
15.639748573303223, -0.014174327254295349, -7.0058465003967285
15.661760330200195, -0.0139480484649539, -6.996039867401123
15.683819770812988, -0.013738242909312248, -6.98622465133667
15.698543548583984, -0.01359471958130598, -6.979681968688965
15.720653533935547, -0.013373492285609245, -6.9698686599731445
15.735444068908691, -0.013229112140834332, -6.963320732116699
15.757655143737793, -0.013026815839111805, -6.953476428985596
15.772497177124023, -0.012910788878798485, -6.946897506713867
15.794779777526855, -0.012749171815812588, -6.937018871307373
15.809660911560059, -0.012658383697271347, -6.9304399490356445
15.831990242004395, -0.01255602017045021, -6.920583248138428
15.846877098083496, -0.012498083524405956, -6.914005279541016
15.869174003601074, -0.012412703596055508, -6.904138565063477
15.884029388427734, -0.012354488484561443, -6.897548198699951
15.90630054473877, -0.012267561629414558, -6.887646198272705
15.92110824584961, -0.012230553664267063, -6.881044864654541
15.943289756774902, -0.012183226644992828, -6.8711419105529785
15.95803451538086, -0.012165266089141369, -6.864544868469238
15.980096817016602, -0.012149586342275143, -6.854635715484619
15.994790077209473, -0.012141648679971695, -6.848021507263184
16.016721725463867, -0.012141975574195385, -6.83807897567749
16.031349182128906, -0.01214044913649559, -6.83143949508667
16.053192138671875, -0.012110916897654533, -6.8214826583862305
16.06772804260254, -0.012092969380319118, -6.814843654632568
16.089492797851562, -0.012071073986589909, -6.804894924163818
16.10396385192871, -0.012081019580364227, -6.798274040222168
16.125661849975586, -0.01209000963717699, -6.788327217102051
16.140108108520508, -0.012092585675418377, -6.7816901206970215
16.161710739135742, -0.012101218104362488, -6.771724700927734
16.176095962524414, -0.012108128517866135, -6.765071868896484
16.197593688964844, -0.012127198278903961, -6.7550764083862305
16.2119140625, -0.012149058282375336, -6.748406887054443
16.23338508605957, -0.01219786424189806, -6.738394260406494
16.24767303466797, -0.012232374399900436, -6.731719017028809
16.269123077392578, -0.012278582900762558, -6.72169828414917
16.283388137817383, -0.012339060194790363, -6.715019702911377
16.304784774780273, -0.012436255812644958, -6.705026626586914
16.319034576416016, -0.01251498144119978, -6.6983842849731445
16.340377807617188, -0.012655318714678288, -6.6884307861328125
16.354602813720703, -0.012753263115882874, -6.681793689727783
16.37589454650879, -0.012909132987260818, -6.671869277954102
16.390087127685547, -0.013005204498767853, -6.665249347686768
16.4113712310791, -0.013137021102011204, -6.655312538146973
16.425546646118164, -0.013224813155829906, -6.648701190948486
16.446813583374023, -0.013341045938432217, -6.6387739181518555
16.460983276367188, -0.013402929529547691, -6.632153511047363
16.482234954833984, -0.0135079650208354, -6.622221946716309
16.496410369873047, -0.01357851829379797, -6.615593433380127
16.517667770385742, -0.013673534616827965, -6.605669975280762
16.53184700012207, -0.013730029575526714, -6.599055767059326
16.5531063079834, -0.013815689831972122, -6.589144706726074
16.567285537719727, -0.01386394165456295, -6.582557678222656
16.58856964111328, -0.0139253418892622, -6.572704315185547
16.602785110473633, -0.013945133425295353, -6.566153049468994
16.62413215637207, -0.013965499587357044, -6.556319713592529
16.63838768005371, -0.013970357365906239, -6.549770832061768
16.6597843170166, -0.013962214812636375, -6.539949417114258
16.674060821533203, -0.013951657339930534, -6.533392906188965
16.695463180541992, -0.013939130119979382, -6.523519992828369
16.70973777770996, -0.013928341679275036, -6.516923904418945
16.73116683959961, -0.013912105932831764, -6.507014274597168
16.745464324951172, -0.013899660669267178, -6.500394344329834
16.766925811767578, -0.013876991346478462, -6.490442276000977
16.781253814697266, -0.013862296007573605, -6.483778953552246
16.802778244018555, -0.013848450966179371, -6.473767280578613
16.81715965270996, -0.013851803727447987, -6.467085838317871
16.83877182006836, -0.013861666433513165, -6.4570698738098145
16.85319709777832, -0.013867868110537529, -6.450389862060547
16.874860763549805, -0.013912602327764034, -6.440359592437744
16.88929557800293, -0.013932576403021812, -6.433684349060059
16.903724670410156, -0.013942592777311802, -6.427020072937012
16.925331115722656, -0.013944671489298344, -6.417009353637695
16.946901321411133, -0.013938338495790958, -6.406989097595215
16.96125602722168, -0.013931664638221264, -6.400310039520264
16.97562599182129, -0.01392440777271986, -6.393624782562256
16.99711036682129, -0.013905858621001244, -6.383612155914307
17.01858139038086, -0.013863838277757168, -6.373590469360352
17.032899856567383, -0.013828550465404987, -6.366896152496338
17.0543270111084, -0.013739602640271187, -6.356839179992676
17.068603515625, -0.0136683639138937, -6.350131511688232
17.08287239074707, -0.013587023131549358, -6.343422889709473
17.104232788085938, -0.013447320088744164, -6.3333659172058105
17.125553131103516, -0.013285688124597073, -6.323330402374268
17.139728546142578, -0.013159525580704212, -6.316651821136475
17.160930633544922, -0.012962892651557922, -6.306649684906006
17.175058364868164, -0.012830252759158611, -6.299982070922852
17.196197509765625, -0.012614219449460506, -6.289972305297852
17.210311889648438, -0.01247458066791296, -6.283291339874268
17.231407165527344, -0.012238490395247936, -6.273245334625244
17.245460510253906, -0.012086284346878529, -6.266542434692383
17.26652717590332, -0.011865269392728806, -6.256479263305664
17.280561447143555, -0.011738847009837627, -6.249764919281006
17.301624298095703, -0.011564620770514011, -6.2396955490112305
17.315664291381836, -0.011464275419712067, -6.232990264892578
17.336729049682617, -0.011318782344460487, -6.222955226898193
17.350784301757812, -0.011225422844290733, -6.216270923614502
17.364826202392578, -0.011138378642499447, -6.209639072418213
17.385915756225586, -0.011006752029061317, -6.1997175216674805
17.40703582763672, -0.010867178440093994, -6.189790725708008
17.421133041381836, -0.010758774355053902, -6.183173179626465
17.44231414794922, -0.010603358969092369, -6.1732401847839355
17.456439971923828, -0.01046067290008068, -6.166623115539551
17.4776554107666, -0.010233456268906593, -6.156692981719971
17.491811752319336, -0.010056307539343834, -6.1500701904296875
17.505985260009766, -0.009872633032500744, -6.14344596862793
17.52727508544922, -0.00959085114300251, -6.133503437042236
17.548620223999023, -0.009277376346290112, -6.1235785484313965
17.562870025634766, -0.009071200154721737, -6.116961479187012
17.584274291992188, -0.008766663260757923, -6.107032299041748
17.598556518554688, -0.008561494760215282, -6.100407600402832
17.61285400390625, -0.00836226250976324, -6.093775749206543
17.634315490722656, -0.008056706748902798, -6.083823204040527
17.648637771606445, -0.007846122607588768, -6.077190399169922
17.67014503479004, -0.007522802334278822, -6.067233085632324
17.69167709350586, -0.007159721106290817, -6.057298183441162
17.706043243408203, -0.00690761161968112, -6.05067777633667
17.72759437561035, -0.006464364938437939, -6.040788173675537
17.741960525512695, -0.0061507076025009155, -6.034204006195068
17.763511657714844, -0.005655380431562662, -6.024338245391846
17.77783203125, -0.005294967442750931, -6.0177483558654785
17.792165756225586, -0.004943654406815767, -6.011149883270264
17.813613891601562, -0.004362293519079685, -6.00119686126709
17.835046768188477, -0.0037293138448148966, -5.991185665130615
17.849334716796875, -0.003296901937574148, -5.984494209289551
17.87075424194336, -0.0025954863522201777, -5.974404335021973
17.885038375854492, -0.0021212396677583456, -5.967640399932861
17.90647315979004, -0.0014005106640979648, -5.957456111907959
17.92076301574707, -0.0009145670337602496, -5.9506449699401855
17.942203521728516, -0.00017813437443692237, -5.9403910636901855
17.95648193359375, 0.00033930770587176085, -5.933521747589111
17.970773696899414, 0.0008450459572486579, -5.926657676696777
17.992223739624023, 0.0016403553308919072, -5.916353225708008
18.0136661529541, 0.0024337705690413713, -5.906060695648193
18.02796745300293, 0.0029555775690823793, -5.89920711517334
18.049428939819336, 0.0037310412153601646, -5.888936519622803
18.06375503540039, 0.004219259601086378, -5.882089138031006
18.085268020629883, 0.004909766372293234, -5.871815204620361
18.099647521972656, 0.005321595352143049, -5.864961624145508
18.11403465270996, 0.005723385605961084, -5.858133316040039
18.135665893554688, 0.006263141054660082, -5.847929954528809
18.15009307861328, 0.006611484568566084, -5.841135025024414
18.171796798706055, 0.007100421003997326, -5.830997943878174
18.18629264831543, 0.007420685142278671, -5.824277400970459
18.208072662353516, 0.007893414236605167, -5.814226150512695
18.22266387939453, 0.008209405466914177, -5.807569980621338
18.244590759277344, 0.008663378655910492, -5.797607421875
18.259254455566406, 0.0089499456807971, -5.790997505187988
18.28131103515625, 0.009354189038276672, -5.781136512756348
18.30343246459961, 0.009714827872812748, -5.771346569061279
18.318222045898438, 0.009917894378304482, -5.764866828918457
18.34046745300293, 0.010195738635957241, -5.755194664001465
18.35531234741211, 0.01036803051829338, -5.748773097991943
18.377660751342773, 0.010649465024471283, -5.739234447479248
18.392549514770508, 0.010828398168087006, -5.732918739318848
18.41496467590332, 0.011126921512186527, -5.72354793548584
18.429901123046875, 0.01132931187748909, -5.717350006103516
18.4448299407959, 0.011536220088601112, -5.711195468902588
18.467227935791016, 0.01184634119272232, -5.702062606811523
18.482147216796875, 0.012046677991747856, -5.69603157043457
18.504573822021484, 0.012363209389150143, -5.687089443206787
18.526992797851562, 0.012693437747657299, -5.678233623504639
18.541915893554688, 0.012914001010358334, -5.6723737716674805
18.564252853393555, 0.013262199237942696, -5.6636762619018555
18.57909393310547, 0.013492384925484657, -5.6579413414001465
18.601272583007812, 0.013833995908498764, -5.649417400360107
18.615983963012695, 0.014049551449716091, -5.643791198730469
18.637968063354492, 0.014353525824844837, -5.635417461395264
18.65255355834961, 0.014541927725076675, -5.629894733428955
18.67432975769043, 0.01479590218514204, -5.621694564819336
18.688779830932617, 0.014934234321117401, -5.616279125213623
18.7103328704834, 0.015142284333705902, -5.608224391937256
18.724624633789062, 0.015275726094841957, -5.602901935577393
18.745962142944336, 0.015455019660294056, -5.595052719116211
18.76010513305664, 0.015549895353615284, -5.589893341064453
18.78118133544922, 0.01565934531390667, -5.582271575927734
18.795120239257812, 0.015687718987464905, -5.577268123626709
18.808996200561523, 0.01570730097591877, -5.572295188903809
18.82960319519043, 0.015669729560613632, -5.564925193786621
18.849979400634766, 0.015578349120914936, -5.557640552520752
18.863452911376953, 0.015496795065701008, -5.552830696105957
18.883455276489258, 0.015326855704188347, -5.545672416687012
18.896671295166016, 0.01519955974072218, -5.540942192077637
18.916234970092773, 0.01492237951606512, -5.53385066986084
18.929153442382812, 0.014708045870065689, -5.529163837432861
18.94196128845215, 0.014470318332314491, -5.524505615234375
18.960926055908203, 0.014072315767407417, -5.517557144165039
18.973438262939453, 0.013794665224850178, -5.51296329498291
18.991918563842773, 0.013335173949599266, -5.506119728088379
19.01011848449707, 0.012830485589802265, -5.49932861328125
19.022117614746094, 0.012481875717639923, -5.49484920501709
19.039871215820312, 0.011899941600859165, -5.4881720542907715
19.051557540893555, 0.011502157896757126, -5.483760356903076
19.068857192993164, 0.010889838449656963, -5.477232456207275
19.080251693725586, 0.010486886836588383, -5.472929000854492
19.097137451171875, 0.009887974709272385, -5.466528415679932
19.10822296142578, 0.009495366364717484, -5.462276458740234
19.119220733642578, 0.009108861908316612, -5.458075046539307
19.13546371459961, 0.00849724281579256, -5.451807498931885
19.151439666748047, 0.007864454761147499, -5.445642948150635
19.161956787109375, 0.007440471090376377, -5.441586494445801
19.172334671020508, 0.00699941860511899, -5.437532901763916
19.187732696533203, 0.006328497547656298, -5.4315338134765625
19.202890396118164, 0.005656458903104067, -5.425641059875488
19.21283531188965, 0.0052423859015107155, -5.42175817489624
19.222705841064453, 0.004825555253773928, -5.417919158935547
19.237262725830078, 0.0042308843694627285, -5.412259101867676
19.24686050415039, 0.0038431358989328146, -5.408542156219482
19.261005401611328, 0.0032966576982289553, -5.403059005737305
19.274885177612305, 0.0027695083990693092, -5.397665977478027
19.284008026123047, 0.0024307325948029757, -5.394114971160889
19.297407150268555, 0.0019645460415631533, -5.388843059539795
19.306222915649414, 0.0016591231105849147, -5.385381698608398
19.31925392150879, 0.0012244294630363584, -5.380259990692139
19.32781219482422, 0.0009761835681274533, -5.376884460449219
19.336292266845703, 0.0007332380046136677, -5.373547554016113
19.348825454711914, 0.0003967661177739501, -5.368589878082275
19.357065200805664, 0.00018722398090176284, -5.36532735824585
19.365205764770508, -8.524081749783363e-06, -5.36209774017334
19.37723731994629, -0.0002613151737023145, -5.35729455947876
19.389080047607422, -0.00048783927923068404, -5.352555274963379
19.396862030029297, -0.0005848961882293224, -5.349422454833984
19.408401489257812, -0.0007173860794864595, -5.344784736633301
19.41600799560547, -0.0007904980448074639, -5.341734409332275
19.427263259887695, -0.0008595118415541947, -5.337225914001465
19.43463706970215, -0.0008766163373365998, -5.334238529205322
19.441932678222656, -0.0008898988598957658, -5.3312883377075195
19.4527587890625, -0.0009033285896293819, -5.326938629150391
19.463420867919922, -0.0008986049797385931, -5.322617530822754
19.47043800354004, -0.0009126962977461517, -5.319749355316162
19.480838775634766, -0.0009459979482926428, -5.315497398376465
19.487682342529297, -0.0009771938202902675, -5.31268835067749
19.49783706665039, -0.0010400685714557767, -5.30850887298584
19.504533767700195, -0.001093439757823944, -5.305756568908691
19.511152267456055, -0.0011591317597776651, -5.302988529205322
19.517698287963867, -0.0012229775311425328, -5.300256252288818
19.527387619018555, -0.0013203818816691637, -5.296172142028809
19.53691864013672, -0.001406411873176694, -5.292150497436523
19.54317855834961, -0.0014553169021382928, -5.289515018463135
19.5523624420166, -0.0015065937768667936, -5.285558700561523
19.558408737182617, -0.0015462563605979085, -5.282960891723633
19.56730079650879, -0.0015888595953583717, -5.27907133102417
19.5731258392334, -0.0016112338053062558, -5.276520729064941
19.58171844482422, -0.001643256051465869, -5.272741317749023
19.587343215942383, -0.0016528703272342682, -5.270233154296875
19.595651626586914, -0.0016592012252658606, -5.266512870788574
19.60110855102539, -0.0016497991746291518, -5.264050483703613
19.60649871826172, -0.0016403504414483905, -5.261610507965088
19.614465713500977, -0.00162673054728657, -5.257996559143066
19.62224006652832, -0.0015781838446855545, -5.25442361831665
19.627344131469727, -0.0015327190048992634, -5.252059459686279
19.634891510009766, -0.0014538158429786563, -5.248543739318848
19.63985252380371, -0.0013636454241350293, -5.246196746826172
19.647174835205078, -0.0012333374470472336, -5.242757320404053
19.652008056640625, -0.0011181347072124481, -5.240481853485107
19.659122467041016, -0.0009436261025257409, -5.237112522125244
19.663766860961914, -0.0008211471722461283, -5.234894752502441
19.670576095581055, -0.0006351486663334072, -5.231630325317383
19.675031661987305, -0.0005153224337846041, -5.229490280151367
19.681529998779297, -0.0003055053821299225, -5.226356506347656
19.685771942138672, -0.00015849975170567632, -5.224320411682129
19.692012786865234, 6.6529588366393e-05, -5.2213263511657715
19.69610595703125, 0.00022169853036757559, -5.219361305236816
19.702150344848633, 0.00043921114411205053, -5.216469764709473
19.706119537353516, 0.0005686377407982945, -5.214579105377197
19.711986541748047, 0.0007428782409988344, -5.211794376373291
19.715829849243164, 0.0008526149904355407, -5.209966659545898
19.721500396728516, 0.0010207972954958677, -5.207268714904785
19.725223541259766, 0.001127531984820962, -5.205491065979004
19.72893524169922, 0.0012450999347493052, -5.203715801239014
19.734418869018555, 0.0014227903448045254, -5.201066493988037
19.73981285095215, 0.0016051027923822403, -5.198425769805908
19.74340057373047, 0.0017148706829175353, -5.196654319763184
19.748701095581055, 0.001877965871244669, -5.194007396697998
19.7521915435791, 0.0019894628785550594, -5.192251205444336
19.757394790649414, 0.0021647592075169086, -5.189624309539795
19.76082420349121, 0.0022801486775279045, -5.187873363494873
19.765939712524414, 0.0024789615999907255, -5.185215473175049
19.769311904907227, 0.002624479355290532, -5.183432579040527
19.77431869506836, 0.002853401703760028, -5.180739402770996
19.777616500854492, 0.003022541292011738, -5.1789398193359375
19.78250503540039, 0.0033016346860677004, -5.176233768463135
19.785757064819336, 0.0035314206033945084, -5.174408435821533
19.790563583374023, 0.0038747175130993128, -5.1716508865356445
19.79372215270996, 0.00411119544878602, -5.169790744781494
19.798439025878906, 0.004471925087273121, -5.166988372802734
19.801555633544922, 0.004707442596554756, -5.165116786956787
19.806228637695312, 0.00506949657574296, -5.162269592285156
19.80931282043457, 0.0053020925261080265, -5.160348415374756
19.81389617919922, 0.0056367781944572926, -5.157453536987305
19.81694793701172, 0.005903961602598429, -5.155529975891113
19.819965362548828, 0.0061639454215765, -5.153604030609131
19.82448387145996, 0.006645860616117716, -5.15074348449707
19.828969955444336, 0.0071214898489415646, -5.147881507873535
19.831968307495117, 0.007449942175298929, -5.1459760665893555
19.83645248413086, 0.007955151610076427, -5.1430983543396
19.839420318603516, 0.008288497105240822, -5.141170501708984
19.84392547607422, 0.008825793862342834, -5.13824987411499
19.846935272216797, 0.009184311144053936, -5.13630485534668
19.851455688476562, 0.009723148308694363, -5.133388519287109
19.854524612426758, 0.010087342001497746, -5.13143253326416
19.85909080505371, 0.010618654079735279, -5.128500461578369
19.862133026123047, 0.010965242050588131, -5.126550197601318
